TOTAL_START=1454997453.100795
PREPROCESSING_START=1454997453.100797
PREPROCESSING_DONE=1454997453.100797
SEARCH_START=1454997453.16585
SEARCH_DONE=1454997454.539487
SOLUTION_TIME=1.3736369609832764
STATUS=success
SOLUTION=(8,9,6,3,4,7,1,5,2,7,4,5,2,1,6,3,9,8,2,3,1,5,9,8,6,7,4,3,7,4,8,2,1,5,6,9,1,6,9,7,5,4,8,2,3,5,8,2,6,3,9,7,4,1,9,1,3,4,6,5,2,8,7,6,2,7,9,8,3,4,1,5,4,5,8,1,7,2,9,3,6)
